-1.000000 0.000000 0.172053
-1.000000 0.100000 0.586843
-1.000000 0.200000 -0.722831
-1.000000 0.300000 0.275896
-1.000000 0.400000 0.102005
-1.000000 0.500000 -0.418460
-1.000000 0.600000 -0.138749
-1.000000 0.700000 0.109640
-1.000000 0.800000 1.145087
-1.000000 0.900000 0.886220
-1.000000 1.000000 -0.431964
-1.000000 1.100000 0.971176
-1.000000 1.200000 0.232130
-1.000000 1.300000 -0.020177
-1.000000 1.400000 0.228718
-1.000000 1.500000 -0.065588
-1.000000 1.600000 -0.039725
-1.000000 1.700000 0.476705
-1.000000 1.800000 0.450893
-1.000000 1.900000 0.453503
-1.000000 2.000000 0.214881
-1.000000 2.100000 -0.386394
-1.000000 2.200000 0.229519
-1.000000 2.300000 0.521678
-1.000000 2.400000 0.156449
-1.000000 2.500000 0.331105
-1.000000 2.600000 0.232607
-1.000000 2.700000 -0.097098
-1.000000 2.800000 0.094043
-1.000000 2.900000 -0.251927
-1.000000 3.000000 0.284290
-1.000000 3.100000 -0.367059
-1.000000 3.200000 -0.342035
-1.000000 3.300000 -0.259036
-1.000000 3.400000 -0.942168
-1.000000 3.500000 0.460285
-1.000000 3.600000 0.104064
-1.000000 3.700000 -0.241574
-1.000000 3.800000 0.438498
-1.000000 3.900000 -0.547683
-1.000000 4.000000 -0.032716
-1.000000 4.100000 -0.077261
-1.000000 4.200000 0.102148
-1.000000 4.300000 0.100116
-1.000000 4.400000 -0.276760
-1.000000 4.500000 -0.009615
-1.000000 4.600000 -0.052761
-1.000000 4.700000 0.200867
-1.000000 4.800000 0.349846
-1.000000 4.900000 0.354968
-1.000000 5.000000 -0.276369
-1.000000 5.100000 0.024755
-1.000000 5.200000 -0.388517
-1.000000 5.300000 -0.356320
-1.000000 5.400000 -0.002192
-1.000000 5.500000 0.490442
-1.000000 5.600000 -0.246293
-1.000000 5.700000 0.118841
-1.000000 5.800000 -0.072187
-1.000000 5.900000 0.357554
-1.000000 6.000000 -0.348501
-0.900000 0.000000 0.010418
-0.900000 0.100000 0.176809
-0.900000 0.200000 0.352195
-0.900000 0.300000 0.494148
-0.900000 0.400000 0.027498
-0.900000 0.500000 -0.477309
-0.900000 0.600000 -0.237536
-0.900000 0.700000 -0.339706
-0.900000 0.800000 0.752147
-0.900000 0.900000 -0.196992
-0.900000 1.000000 0.239386
-0.900000 1.100000 -0.061573
-0.900000 1.200000 0.284357
-0.900000 1.300000 -0.244750
-0.900000 1.400000 -0.448723
-0.900000 1.500000 -0.455157
-0.900000 1.600000 0.156226
-0.900000 1.700000 -0.056756
-0.900000 1.800000 -0.062732
-0.900000 1.900000 0.454185
-0.900000 2.000000 0.093314
-0.900000 2.100000 0.063307
-0.900000 2.200000 0.508072
-0.900000 2.300000 -0.257420
-0.900000 2.400000 0.222930
-0.900000 2.500000 0.267239
-0.900000 2.600000 -0.077977
-0.900000 2.700000 0.069026
-0.900000 2.800000 -0.373058
-0.900000 2.900000 -0.367332
-0.900000 3.000000 0.033573
-0.900000 3.100000 0.231134
-0.900000 3.200000 0.827370
-0.900000 3.300000 -0.213393
-0.900000 3.400000 0.059957
-0.900000 3.500000 -0.026387
-0.900000 3.600000 -0.618557
-0.900000 3.700000 -0.140460
-0.900000 3.800000 -0.574289
-0.900000 3.900000 0.268928
-0.900000 4.000000 -0.284163
-0.900000 4.100000 0.032036
-0.900000 4.200000 -0.174244
-0.900000 4.300000 0.097131
-0.900000 4.400000 -0.192101
-0.900000 4.500000 0.156792
-0.900000 4.600000 0.236599
-0.900000 4.700000 0.547806
-0.900000 4.800000 -0.062118
-0.900000 4.900000 -0.684272
-0.900000 5.000000 -0.268667
-0.900000 5.100000 0.433471
-0.900000 5.200000 -0.343089
-0.900000 5.300000 0.307506
-0.900000 5.400000 0.039696
-0.900000 5.500000 0.459743
-0.900000 5.600000 -0.627488
-0.900000 5.700000 -0.063263
-0.900000 5.800000 -0.386510
-0.900000 5.900000 0.930563
-0.900000 6.000000 0.264070
-0.800000 0.000000 0.441271
-0.800000 0.100000 -0.338617
-0.800000 0.200000 -0.149957
-0.800000 0.300000 -0.087190
-0.800000 0.400000 0.351496
-0.800000 0.500000 -0.088918
-0.800000 0.600000 0.224494
-0.800000 0.700000 -0.656580
-0.800000 0.800000 -0.113230
-0.800000 0.900000 -0.263545
-0.800000 1.000000 -0.504655
-0.800000 1.100000 0.162556
-0.800000 1.200000 0.090240
-0.800000 1.300000 0.010720
-0.800000 1.400000 -0.426769
-0.800000 1.500000 0.360808
-0.800000 1.600000 0.112069
-0.800000 1.700000 -0.095687
-0.800000 1.800000 0.007341
-0.800000 1.900000 -0.083820
-0.800000 2.000000 -0.560046
-0.800000 2.100000 -0.091384
-0.800000 2.200000 -0.266010
-0.800000 2.300000 -0.313316
-0.800000 2.400000 -0.370016
-0.800000 2.500000 -0.170704
-0.800000 2.600000 -0.640807
-0.800000 2.700000 0.308591
-0.800000 2.800000 0.166458
-0.800000 2.900000 -0.006369
-0.800000 3.000000 -0.011087
-0.800000 3.100000 -0.255373
-0.800000 3.200000 0.326018
-0.800000 3.300000 -0.042592
-0.800000 3.400000 -0.228613
-0.800000 3.500000 0.432478
-0.800000 3.600000 -0.071895
-0.800000 3.700000 -0.188460
-0.800000 3.800000 -0.093974
-0.800000 3.900000 -0.271312
-0.800000 4.000000 -0.358419
-0.800000 4.100000 0.808339
-0.800000 4.200000 0.529776
-0.800000 4.300000 0.098425
-0.800000 4.400000 -0.402266
-0.800000 4.500000 -0.276940
-0.800000 4.600000 -0.056483
-0.800000 4.700000 0.253260
-0.800000 4.800000 -0.426236
-0.800000 4.900000 -0.745553
-0.800000 5.000000 -0.463708
-0.800000 5.100000 0.106726
-0.800000 5.200000 0.125235
-0.800000 5.300000 0.144539
-0.800000 5.400000 -0.041690
-0.800000 5.500000 0.058781
-0.800000 5.600000 -0.152368
-0.800000 5.700000 0.275847
-0.800000 5.800000 -0.435742
-0.800000 5.900000 0.145610
-0.800000 6.000000 -0.271587
-0.700000 0.000000 -0.107163
-0.700000 0.100000 0.176891
-0.700000 0.200000 0.332510
-0.700000 0.300000 -0.357643
-0.700000 0.400000 0.403413
-0.700000 0.500000 0.211248
-0.700000 0.600000 -0.021714
-0.700000 0.700000 -0.062466
-0.700000 0.800000 -0.069628
-0.700000 0.900000 -0.096987
-0.700000 1.000000 0.007385
-0.700000 1.100000 0.016426
-0.700000 1.200000 0.264356
-0.700000 1.300000 0.488653
-0.700000 1.400000 0.149437
-0.700000 1.500000 -0.067078
-0.700000 1.600000 0.200097
-0.700000 1.700000 0.058675
-0.700000 1.800000 -0.329476
-0.700000 1.900000 0.303808
-0.700000 2.000000 0.098324
-0.700000 2.100000 0.043329
-0.700000 2.200000 0.164959
-0.700000 2.300000 0.083738
-0.700000 2.400000 -0.301180
-0.700000 2.500000 -0.051846
-0.700000 2.600000 -0.046629
-0.700000 2.700000 -0.170130
-0.700000 2.800000 0.538390
-0.700000 2.900000 -0.280115
-0.700000 3.000000 -0.154701
-0.700000 3.100000 -0.227723
-0.700000 3.200000 -0.375631
-0.700000 3.300000 -0.061403
-0.700000 3.400000 -0.087594
-0.700000 3.500000 0.489726
-0.700000 3.600000 -0.079592
-0.700000 3.700000 -0.340460
-0.700000 3.800000 0.513187
-0.700000 3.900000 0.395170
-0.700000 4.000000 -0.073416
-0.700000 4.100000 -0.481914
-0.700000 4.200000 -0.142232
-0.700000 4.300000 -0.049859
-0.700000 4.400000 0.088378
-0.700000 4.500000 -0.083543
-0.700000 4.600000 0.141920
-0.700000 4.700000 0.125426
-0.700000 4.800000 -0.400201
-0.700000 4.900000 -0.303335
-0.700000 5.000000 -0.237144
-0.700000 5.100000 -0.162494
-0.700000 5.200000 -0.102578
-0.700000 5.300000 0.003995
-0.700000 5.400000 -0.969333
-0.700000 5.500000 -0.146242
-0.700000 5.600000 0.397585
-0.700000 5.700000 -0.341343
-0.700000 5.800000 0.298794
-0.700000 5.900000 0.112103
-0.700000 6.000000 -0.009281
-0.600000 0.000000 0.058386
-0.600000 0.100000 -0.500816
-0.600000 0.200000 -0.027050
-0.600000 0.300000 0.513267
-0.600000 0.400000 0.031476
-0.600000 0.500000 0.013247
-0.600000 0.600000 -0.234925
-0.600000 0.700000 -0.009848
-0.600000 0.800000 0.074368
-0.600000 0.900000 0.136466
-0.600000 1.000000 -0.119270
-0.600000 1.100000 -0.075629
-0.600000 1.200000 0.647626
-0.600000 1.300000 -0.722617
-0.600000 1.400000 0.713492
-0.600000 1.500000 0.108104
-0.600000 1.600000 0.320120
-0.600000 1.700000 -0.532414
-0.600000 1.800000 -0.188673
-0.600000 1.900000 -0.088822
-0.600000 2.000000 0.135450
-0.600000 2.100000 -0.534261
-0.600000 2.200000 0.151149
-0.600000 2.300000 -0.387863
-0.600000 2.400000 0.021449
-0.600000 2.500000 0.209041
-0.600000 2.600000 0.104963
-0.600000 2.700000 0.346760
-0.600000 2.800000 0.322272
-0.600000 2.900000 -0.207957
-0.600000 3.000000 0.082593
-0.600000 3.100000 -0.301867
-0.600000 3.200000 -0.422645
-0.600000 3.300000 0.296262
-0.600000 3.400000 0.000320
-0.600000 3.500000 -0.017287
-0.600000 3.600000 0.291829
-0.600000 3.700000 0.190515
-0.600000 3.800000 0.112290
-0.600000 3.900000 0.400284
-0.600000 4.000000 0.297714
-0.600000 4.100000 0.076883
-0.600000 4.200000 -0.220778
-0.600000 4.300000 -0.208379
-0.600000 4.400000 0.381573
-0.600000 4.500000 -0.515702
-0.600000 4.600000 -0.007759
-0.600000 4.700000 -0.623575
-0.600000 4.800000 0.326605
-0.600000 4.900000 0.275785
-0.600000 5.000000 0.000400
-0.600000 5.100000 -0.022646
-0.600000 5.200000 -0.795594
-0.600000 5.300000 0.185988
-0.600000 5.400000 -0.701570
-0.600000 5.500000 -0.742163
-0.600000 5.600000 0.025584
-0.600000 5.700000 -0.303510
-0.600000 5.800000 0.131680
-0.600000 5.900000 0.216635
-0.600000 6.000000 0.274476
-0.500000 0.000000 -0.221168
-0.500000 0.100000 0.143806
-0.500000 0.200000 0.032210
-0.500000 0.300000 0.264352
-0.500000 0.400000 0.171584
-0.500000 0.500000 0.287343
-0.500000 0.600000 -0.042195
-0.500000 0.700000 -0.047071
-0.500000 0.800000 0.322532
-0.500000 0.900000 -0.679512
-0.500000 1.000000 -0.161393
-0.500000 1.100000 -0.406495
-0.500000 1.200000 -0.122308
-0.500000 1.300000 0.207726
-0.500000 1.400000 0.264415
-0.500000 1.500000 -0.324562
-0.500000 1.600000 -0.150479
-0.500000 1.700000 0.044159
-0.500000 1.800000 -0.093033
-0.500000 1.900000 0.097001
-0.500000 2.000000 0.128455
-0.500000 2.100000 -0.297052
-0.500000 2.200000 -0.055990
-0.500000 2.300000 -0.681617
-0.500000 2.400000 0.367223
-0.500000 2.500000 -0.200552
-0.500000 2.600000 -0.384431
-0.500000 2.700000 -0.080426
-0.500000 2.800000 -0.456305
-0.500000 2.900000 -0.005796
-0.500000 3.000000 -0.178529
-0.500000 3.100000 0.697768
-0.500000 3.200000 0.365171
-0.500000 3.300000 -0.798168
-0.500000 3.400000 0.142025
-0.500000 3.500000 -0.446647
-0.500000 3.600000 -0.080910
-0.500000 3.700000 0.053262
-0.500000 3.800000 0.239870
-0.500000 3.900000 -0.086839
-0.500000 4.000000 0.504893
-0.500000 4.100000 -0.153481
-0.500000 4.200000 0.105167
-0.500000 4.300000 0.213026
-0.500000 4.400000 0.027524
-0.500000 4.500000 0.282125
-0.500000 4.600000 0.103610
-0.500000 4.700000 -0.250778
-0.500000 4.800000 -0.577600
-0.500000 4.900000 0.594845
-0.500000 5.000000 -0.193375
-0.500000 5.100000 0.033133
-0.500000 5.200000 0.180258
-0.500000 5.300000 0.036385
-0.500000 5.400000 -0.289487
-0.500000 5.500000 -0.149650
-0.500000 5.600000 -0.039951
-0.500000 5.700000 0.473277
-0.500000 5.800000 -0.275454
-0.500000 5.900000 0.251099
-0.500000 6.000000 0.098763
-0.400000 0.000000 -0.074827
-0.400000 0.100000 -0.338219
-0.400000 0.200000 -0.090908
-0.400000 0.300000 -0.027717
-0.400000 0.400000 -0.470173
-0.400000 0.500000 0.061544
-0.400000 0.600000 -0.263071
-0.400000 0.700000 -0.030073
-0.400000 0.800000 0.107699
-0.400000 0.900000 -0.289346
-0.400000 1.000000 -0.092057
-0.400000 1.100000 0.112256
-0.400000 1.200000 -0.587179
-0.400000 1.300000 0.331880
-0.400000 1.400000 0.776278
-0.400000 1.500000 0.307554
-0.400000 1.600000 -0.100395
-0.400000 1.700000 0.137930
-0.400000 1.800000 -0.330616
-0.400000 1.900000 0.601953
-0.400000 2.000000 0.302205
-0.400000 2.100000 0.253277
-0.400000 2.200000 -0.278806
-0.400000 2.300000 0.104000
-0.400000 2.400000 -0.176903
-0.400000 2.500000 -0.097783
-0.400000 2.600000 -0.180421
-0.400000 2.700000 -0.326165
-0.400000 2.800000 -0.288664
-0.400000 2.900000 -0.064993
-0.400000 3.000000 -0.541449
-0.400000 3.100000 0.196606
-0.400000 3.200000 -0.035561
-0.400000 3.300000 0.225801
-0.400000 3.400000 0.088269
-0.400000 3.500000 0.160047
-0.400000 3.600000 -0.472847
-0.400000 3.700000 -0.324868
-0.400000 3.800000 -0.141565
-0.400000 3.900000 0.036418
-0.400000 4.000000 0.362376
-0.400000 4.100000 -0.091752
-0.400000 4.200000 0.404596
-0.400000 4.300000 0.152907
-0.400000 4.400000 0.376370
-0.400000 4.500000 0.041169
-0.400000 4.600000 -0.209731
-0.400000 4.700000 -0.473680
-0.400000 4.800000 0.050053
-0.400000 4.900000 0.262172
-0.400000 5.000000 -0.093443
-0.400000 5.100000 -0.172908
-0.400000 5.200000 -0.098655
-0.400000 5.300000 -0.350826
-0.400000 5.400000 -0.157701
-0.400000 5.500000 -0.057790
-0.400000 5.600000 0.014703
-0.400000 5.700000 -0.020386
-0.400000 5.800000 0.195645
-0.400000 5.900000 0.034994
-0.400000 6.000000 0.580493
-0.300000 0.000000 0.099867
-0.300000 0.100000 0.577466
-0.300000 0.200000 -0.231359
-0.300000 0.300000 0.168552
-0.300000 0.400000 -0.083202
-0.300000 0.500000 0.192153
-0.300000 0.600000 0.190203
-0.300000 0.700000 -0.699333
-0.300000 0.800000 -0.424397
-0.300000 0.900000 -0.460790
-0.300000 1.000000 0.129021
-0.300000 1.100000 0.471012
-0.300000 1.200000 -0.103892
-0.300000 1.300000 0.260798
-0.300000 1.400000 0.175620
-0.300000 1.500000 -0.335254
-0.300000 1.600000 0.128706
-0.300000 1.700000 -0.238814
-0.300000 1.800000 0.487296
-0.300000 1.900000 -0.008011
-0.300000 2.000000 0.526263
-0.300000 2.100000 -0.132934
-0.300000 2.200000 0.192045
-0.300000 2.300000 -0.016335
-0.300000 2.400000 -0.642954
-0.300000 2.500000 -0.309923
-0.300000 2.600000 0.200611
-0.300000 2.700000 -0.012752
-0.300000 2.800000 -0.353032
-0.300000 2.900000 -0.195386
-0.300000 3.000000 0.084932
-0.300000 3.100000 -0.312711
-0.300000 3.200000 0.316946
-0.300000 3.300000 -0.200216
-0.300000 3.400000 0.583444
-0.300000 3.500000 -0.341198
-0.300000 3.600000 0.067813
-0.300000 3.700000 -0.482970
-0.300000 3.800000 -0.228136
-0.300000 3.900000 -0.186755
-0.300000 4.000000 0.131171
-0.300000 4.100000 0.303893
-0.300000 4.200000 0.098246
-0.300000 4.300000 -0.117591
-0.300000 4.400000 0.262473
-0.300000 4.500000 0.256912
-0.300000 4.600000 0.039513
-0.300000 4.700000 0.183654
-0.300000 4.800000 0.132783
-0.300000 4.900000 -0.315280
-0.300000 5.000000 0.243492
-0.300000 5.100000 -0.209970
-0.300000 5.200000 -0.192998
-0.300000 5.300000 0.056817
-0.300000 5.400000 -0.098256
-0.300000 5.500000 -0.042075
-0.300000 5.600000 0.190593
-0.300000 5.700000 0.335043
-0.300000 5.800000 -0.063307
-0.300000 5.900000 0.104885
-0.300000 6.000000 -0.076237
-0.200000 0.000000 0.073514
-0.200000 0.100000 0.140861
-0.200000 0.200000 -0.197309
-0.200000 0.300000 0.088071
-0.200000 0.400000 0.192524
-0.200000 0.500000 0.029773
-0.200000 0.600000 0.553867
-0.200000 0.700000 -0.194314
-0.200000 0.800000 -0.235299
-0.200000 0.900000 -0.559231
-0.200000 1.000000 0.292295
-0.200000 1.100000 0.278663
-0.200000 1.200000 -0.024062
-0.200000 1.300000 0.289378
-0.200000 1.400000 0.061073
-0.200000 1.500000 0.095823
-0.200000 1.600000 0.039455
-0.200000 1.700000 0.144699
-0.200000 1.800000 0.037099
-0.200000 1.900000 0.897211
-0.200000 2.000000 -0.367341
-0.200000 2.100000 -0.586638
-0.200000 2.200000 -0.357535
-0.200000 2.300000 -0.341660
-0.200000 2.400000 -0.129860
-0.200000 2.500000 -0.044390
-0.200000 2.600000 -0.059866
-0.200000 2.700000 0.183736
-0.200000 2.800000 0.135403
-0.200000 2.900000 0.251434
-0.200000 3.000000 0.580151
-0.200000 3.100000 0.402421
-0.200000 3.200000 -0.399804
-0.200000 3.300000 -0.734757
-0.200000 3.400000 0.298682
-0.200000 3.500000 -0.577884
-0.200000 3.600000 0.030258
-0.200000 3.700000 0.019563
-0.200000 3.800000 0.720177
-0.200000 3.900000 -0.015411
-0.200000 4.000000 -0.156351
-0.200000 4.100000 0.080723
-0.200000 4.200000 0.083225
-0.200000 4.300000 0.026328
-0.200000 4.400000 -0.191433
-0.200000 4.500000 -0.388460
-0.200000 4.600000 0.103568
-0.200000 4.700000 -0.427852
-0.200000 4.800000 -0.328796
-0.200000 4.900000 0.427186
-0.200000 5.000000 -0.133109
-0.200000 5.100000 -0.044173
-0.200000 5.200000 0.288503
-0.200000 5.300000 -0.095611
-0.200000 5.400000 0.329714
-0.200000 5.500000 -0.110187
-0.200000 5.600000 0.324268
-0.200000 5.700000 0.201510
-0.200000 5.800000 -0.068077
-0.200000 5.900000 -0.276961
-0.200000 6.000000 -0.333752
-0.100000 0.000000 -0.086334
-0.100000 0.100000 -0.140078
-0.100000 0.200000 -0.130595
-0.100000 0.300000 0.314988
-0.100000 0.400000 -0.094912
-0.100000 0.500000 0.366458
-0.100000 0.600000 -0.169467
-0.100000 0.700000 0.312091
-0.100000 0.800000 -0.165971
-0.100000 0.900000 0.058003
-0.100000 1.000000 0.312566
-0.100000 1.100000 -0.130016
-0.100000 1.200000 -0.137162
-0.100000 1.300000 0.644914
-0.100000 1.400000 0.309012
-0.100000 1.500000 -0.132557
-0.100000 1.600000 0.214459
-0.100000 1.700000 -0.107194
-0.100000 1.800000 0.235254
-0.100000 1.900000 0.463872
-0.100000 2.000000 -0.501150
-0.100000 2.100000 0.343058
-0.100000 2.200000 0.481905
-0.100000 2.300000 0.032036
-0.100000 2.400000 0.577054
-0.100000 2.500000 0.069259
-0.100000 2.600000 -0.375228
-0.100000 2.700000 -0.680356
-0.100000 2.800000 -0.084452
-0.100000 2.900000 0.250988
-0.100000 3.000000 0.124365
-0.100000 3.100000 0.155009
-0.100000 3.200000 -0.162429
-0.100000 3.300000 0.067643
-0.100000 3.400000 -0.503723
-0.100000 3.500000 -0.223694
-0.100000 3.600000 -0.243762
-0.100000 3.700000 0.183158
-0.100000 3.800000 0.010824
-0.100000 3.900000 -0.355944
-0.100000 4.000000 0.009247
-0.100000 4.100000 -0.209939
-0.100000 4.200000 -0.203973
-0.100000 4.300000 0.284559
-0.100000 4.400000 0.043092
-0.100000 4.500000 0.133160
-0.100000 4.600000 0.287564
-0.100000 4.700000 0.061511
-0.100000 4.800000 0.179358
-0.100000 4.900000 0.221004
-0.100000 5.000000 0.376524
-0.100000 5.100000 0.153774
-0.100000 5.200000 0.453063
-0.100000 5.300000 0.008105
-0.100000 5.400000 -0.014667
-0.100000 5.500000 0.544908
-0.100000 5.600000 -0.162757
-0.100000 5.700000 -0.000660
-0.100000 5.800000 0.294538
-0.100000 5.900000 0.048066
-0.100000 6.000000 0.449667
0.000000 0.000000 0.331089
0.000000 0.100000 0.093547
0.000000 0.200000 -0.248516
0.000000 0.300000 0.181831
0.000000 0.400000 -0.441762
0.000000 0.500000 0.079159
0.000000 0.600000 0.259955
0.000000 0.700000 0.069851
0.000000 0.800000 0.283711
0.000000 0.900000 0.655328
0.000000 1.000000 0.299378
0.000000 1.100000 0.090146
0.000000 1.200000 0.211278
0.000000 1.300000 0.143536
0.000000 1.400000 -0.411664
0.000000 1.500000 -0.122296
0.000000 1.600000 0.405004
0.000000 1.700000 0.001533
0.000000 1.800000 0.204438
0.000000 1.900000 -0.301262
0.000000 2.000000 0.044345
0.000000 2.100000 0.218743
0.000000 2.200000 -0.406087
0.000000 2.300000 0.143699
0.000000 2.400000 -0.023008
0.000000 2.500000 -0.262997
0.000000 2.600000 0.027794
0.000000 2.700000 -0.565255
0.000000 2.800000 -0.638087
0.000000 2.900000 -0.332949
0.000000 3.000000 -0.273033
0.000000 3.100000 -0.331704
0.000000 3.200000 -0.509272
0.000000 3.300000 0.133796
0.000000 3.400000 -0.470334
0.000000 3.500000 0.072924
0.000000 3.600000 0.287043
0.000000 3.700000 0.031756
0.000000 3.800000 0.059392
0.000000 3.900000 -0.094361
0.000000 4.000000 -0.450756
0.000000 4.100000 0.006797
0.000000 4.200000 0.325527
0.000000 4.300000 0.571718
0.000000 4.400000 -0.124563
0.000000 4.500000 -0.509788
0.000000 4.600000 0.062279
0.000000 4.700000 0.127785
0.000000 4.800000 -0.066678
0.000000 4.900000 -0.362920
0.000000 5.000000 0.651506
0.000000 5.100000 -0.752160
0.000000 5.200000 -0.160976
0.000000 5.300000 -0.421243
0.000000 5.400000 -0.202306
0.000000 5.500000 0.102640
0.000000 5.600000 0.044852
0.000000 5.700000 -0.226947
0.000000 5.800000 0.248989
0.000000 5.900000 0.199411
0.000000 6.000000 0.207332
0.100000 0.000000 -0.135895
0.100000 0.100000 0.335989
0.100000 0.200000 0.212056
0.100000 0.300000 0.803691
0.100000 0.400000 0.341533
0.100000 0.500000 0.371894
0.100000 0.600000 0.019226
0.100000 0.700000 -0.409246
0.100000 0.800000 -0.114781
0.100000 0.900000 -0.237264
0.100000 1.000000 -0.173735
0.100000 1.100000 0.186213
0.100000 1.200000 -0.167402
0.100000 1.300000 -0.273072
0.100000 1.400000 -0.114602
0.100000 1.500000 -0.031645
0.100000 1.600000 0.154714
0.100000 1.700000 -0.276813
0.100000 1.800000 0.134249
0.100000 1.900000 0.062664
0.100000 2.000000 0.466718
0.100000 2.100000 -0.019959
0.100000 2.200000 0.010561
0.100000 2.300000 -0.316040
0.100000 2.400000 -0.379578
0.100000 2.500000 0.167545
0.100000 2.600000 -0.007759
0.100000 2.700000 0.236458
0.100000 2.800000 -0.208033
0.100000 2.900000 0.689794
0.100000 3.000000 0.118673
0.100000 3.100000 0.414121
0.100000 3.200000 0.005005
0.100000 3.300000 0.023259
0.100000 3.400000 0.292894
0.100000 3.500000 0.246024
0.100000 3.600000 -0.294775
0.100000 3.700000 -0.431668
0.100000 3.800000 -0.297723
0.100000 3.900000 -0.404792
0.100000 4.000000 0.061978
0.100000 4.100000 -0.093903
0.100000 4.200000 -0.085056
0.100000 4.300000 -0.407478
0.100000 4.400000 0.273189
0.100000 4.500000 0.160450
0.100000 4.600000 -0.012296
0.100000 4.700000 0.340142
0.100000 4.800000 -0.268906
0.100000 4.900000 0.141273
0.100000 5.000000 0.118237
0.100000 5.100000 0.116991
0.100000 5.200000 -0.229349
0.100000 5.300000 0.107626
0.100000 5.400000 -0.162489
0.100000 5.500000 -0.285183
0.100000 5.600000 -0.383820
0.100000 5.700000 0.332985
0.100000 5.800000 -0.270073
0.100000 5.900000 -0.054890
0.100000 6.000000 -0.386461
0.200000 0.000000 -0.094557
0.200000 0.100000 -1.033499
0.200000 0.200000 -0.346756
0.200000 0.300000 -0.454956
0.200000 0.400000 -0.322539
0.200000 0.500000 -0.065389
0.200000 0.600000 -0.100245
0.200000 0.700000 0.627374
0.200000 0.800000 -0.176146
0.200000 0.900000 -0.071115
0.200000 1.000000 -0.490724
0.200000 1.100000 -0.138187
0.200000 1.200000 -0.409837
0.200000 1.300000 0.032428
0.200000 1.400000 0.300857
0.200000 1.500000 0.163107
0.200000 1.600000 -0.183837
0.200000 1.700000 -0.474092
0.200000 1.800000 0.522842
0.200000 1.900000 0.720139
0.200000 2.000000 0.111561
0.200000 2.100000 -0.234684
0.200000 2.200000 0.474454
0.200000 2.300000 -0.089638
0.200000 2.400000 -0.041971
0.200000 2.500000 0.399623
0.200000 2.600000 -0.320663
0.200000 2.700000 -0.498140
0.200000 2.800000 0.266653
0.200000 2.900000 0.262739
0.200000 3.000000 0.165781
0.200000 3.100000 0.293441
0.200000 3.200000 0.478352
0.200000 3.300000 0.438565
0.200000 3.400000 -0.059335
0.200000 3.500000 0.375173
0.200000 3.600000 0.163807
0.200000 3.700000 -0.061762
0.200000 3.800000 -0.290691
0.200000 3.900000 0.289116
0.200000 4.000000 -0.040158
0.200000 4.100000 0.078985
0.200000 4.200000 -0.198105
0.200000 4.300000 -0.448483
0.200000 4.400000 0.095269
0.200000 4.500000 0.013862
0.200000 4.600000 0.411558
0.200000 4.700000 0.279278
0.200000 4.800000 0.355373
0.200000 4.900000 -0.225065
0.200000 5.000000 -0.288167
0.200000 5.100000 -0.397212
0.200000 5.200000 0.166175
0.200000 5.300000 0.897673
0.200000 5.400000 0.236689
0.200000 5.500000 -0.244524
0.200000 5.600000 0.269808
0.200000 5.700000 -0.359562
0.200000 5.800000 -0.454760
0.200000 5.900000 0.230335
0.200000 6.000000 -0.248407
0.300000 0.000000 0.101952
0.300000 0.100000 0.451295
0.300000 0.200000 0.130071
0.300000 0.300000 0.299894
0.300000 0.400000 -0.510524
0.300000 0.500000 0.216257
0.300000 0.600000 0.690498
0.300000 0.700000 0.181422
0.300000 0.800000 -0.482180
0.300000 0.900000 -0.050791
0.300000 1.000000 -0.141680
0.300000 1.100000 0.145860
0.300000 1.200000 0.161120
0.300000 1.300000 0.166084
0.300000 1.400000 -0.071876
0.300000 1.500000 -0.137841
0.300000 1.600000 -0.124171
0.300000 1.700000 0.349328
0.300000 1.800000 -0.504053
0.300000 1.900000 0.036135
0.300000 2.000000 0.203176
0.300000 2.100000 -0.077715
0.300000 2.200000 0.298397
0.300000 2.300000 0.136996
0.300000 2.400000 -0.127085
0.300000 2.500000 0.236975
0.300000 2.600000 0.110108
0.300000 2.700000 0.073419
0.300000 2.800000 -0.016633
0.300000 2.900000 0.234597
0.300000 3.000000 -0.374496
0.300000 3.100000 0.087468
0.300000 3.200000 0.037055
0.300000 3.300000 -0.087229
0.300000 3.400000 0.404790
0.300000 3.500000 -0.049628
0.300000 3.600000 0.346174
0.300000 3.700000 0.472087
0.300000 3.800000 0.095486
0.300000 3.900000 0.220067
0.300000 4.000000 0.321301
0.300000 4.100000 0.076559
0.300000 4.200000 0.261988
0.300000 4.300000 -0.327826
0.300000 4.400000 0.419833
0.300000 4.500000 -0.262734
0.300000 4.600000 -0.540693
0.300000 4.700000 0.479366
0.300000 4.800000 0.009196
0.300000 4.900000 0.166947
0.300000 5.000000 -0.097934
0.300000 5.100000 -0.312372
0.300000 5.200000 -0.972455
0.300000 5.300000 0.208666
0.300000 5.400000 -0.085561
0.300000 5.500000 -0.058584
0.300000 5.600000 0.133126
0.300000 5.700000 -0.451789
0.300000 5.800000 -0.231712
0.300000 5.900000 0.368348
0.300000 6.000000 0.192153
0.400000 0.000000 -0.408755
0.400000 0.100000 -0.703238
0.400000 0.200000 -0.180231
0.400000 0.300000 0.072085
0.400000 0.400000 0.306563
0.400000 0.500000 0.036845
0.400000 0.600000 -0.349866
0.400000 0.700000 0.110366
0.400000 0.800000 -0.358783
0.400000 0.900000 -0.286170
0.400000 1.000000 -0.181711
0.400000 1.100000 -0.358441
0.400000 1.200000 -0.042772
0.400000 1.300000 -0.233451
0.400000 1.400000 -0.024566
0.400000 1.500000 -0.067022
0.400000 1.600000 -0.034309
0.400000 1.700000 -0.046750
0.400000 1.800000 0.528124
0.400000 1.900000 0.349127
0.400000 2.000000 0.194023
0.400000 2.100000 -0.272511
0.400000 2.200000 -0.301559
0.400000 2.300000 -0.388805
0.400000 2.400000 1.093624
0.400000 2.500000 0.589386
0.400000 2.600000 0.376354
0.400000 2.700000 -0.004649
0.400000 2.800000 -0.050102
0.400000 2.900000 0.497899
0.400000 3.000000 0.825479
0.400000 3.100000 -0.219215
0.400000 3.200000 0.172927
0.400000 3.300000 0.280135
0.400000 3.400000 -0.343319
0.400000 3.500000 0.547425
0.400000 3.600000 0.127271
0.400000 3.700000 0.851813
0.400000 3.800000 0.093611
0.400000 3.900000 0.327850
0.400000 4.000000 -0.190457
0.400000 4.100000 -0.046127
0.400000 4.200000 -0.240523
0.400000 4.300000 0.240006
0.400000 4.400000 0.513411
0.400000 4.500000 -0.109013
0.400000 4.600000 0.206494
0.400000 4.700000 -0.106863
0.400000 4.800000 0.076611
0.400000 4.900000 0.417766
0.400000 5.000000 0.065975
0.400000 5.100000 -0.310451
0.400000 5.200000 -0.257909
0.400000 5.300000 -0.041964
0.400000 5.400000 -0.052060
0.400000 5.500000 -0.270208
0.400000 5.600000 0.062815
0.400000 5.700000 0.408896
0.400000 5.800000 -0.077806
0.400000 5.900000 -0.063656
0.400000 6.000000 -0.703232
0.500000 0.000000 -0.246074
0.500000 0.100000 -0.443300
0.500000 0.200000 -0.119973
0.500000 0.300000 0.173274
0.500000 0.400000 0.494501
0.500000 0.500000 0.585183
0.500000 0.600000 -0.024325
0.500000 0.700000 -0.084983
0.500000 0.800000 0.284683
0.500000 0.900000 0.186944
0.500000 1.000000 0.283640
0.500000 1.100000 0.298358
0.500000 1.200000 -0.411737
0.500000 1.300000 0.249820
0.500000 1.400000 0.064987
0.500000 1.500000 -0.129119
0.500000 1.600000 -0.085409
0.500000 1.700000 0.571371
0.500000 1.800000 -0.070895
0.500000 1.900000 -0.178848
0.500000 2.000000 0.315658
0.500000 2.100000 0.921137
0.500000 2.200000 0.316592
0.500000 2.300000 0.436991
0.500000 2.400000 0.066365
0.500000 2.500000 0.928111
0.500000 2.600000 0.454773
0.500000 2.700000 0.602724
0.500000 2.800000 0.142005
0.500000 2.900000 0.728310
0.500000 3.000000 0.582360
0.500000 3.100000 0.085096
0.500000 3.200000 0.459384
0.500000 3.300000 0.288900
0.500000 3.400000 0.449736
0.500000 3.500000 0.312185
0.500000 3.600000 0.305836
0.500000 3.700000 0.007803
0.500000 3.800000 0.204961
0.500000 3.900000 0.522979
0.500000 4.000000 0.805254
0.500000 4.100000 -0.154433
0.500000 4.200000 0.948993
0.500000 4.300000 0.649650
0.500000 4.400000 0.190464
0.500000 4.500000 0.017776
0.500000 4.600000 -0.129290
0.500000 4.700000 0.343390
0.500000 4.800000 -0.160313
0.500000 4.900000 -0.098493
0.500000 5.000000 0.321517
0.500000 5.100000 0.169595
0.500000 5.200000 0.310036
0.500000 5.300000 0.178995
0.500000 5.400000 -0.115209
0.500000 5.500000 -0.154767
0.500000 5.600000 0.261892
0.500000 5.700000 -0.209695
0.500000 5.800000 0.383353
0.500000 5.900000 0.255572
0.500000 6.000000 0.093841
0.600000 0.000000 0.003377
0.600000 0.100000 0.120373
0.600000 0.200000 1.133335
0.600000 0.300000 -0.029242
0.600000 0.400000 -0.488764
0.600000 0.500000 0.625636
0.600000 0.600000 0.212477
0.600000 0.700000 -0.184174
0.600000 0.800000 0.868120
0.600000 0.900000 0.216171
0.600000 1.000000 0.145493
0.600000 1.100000 -0.183586
0.600000 1.200000 -0.258693
0.600000 1.300000 -0.464012
0.600000 1.400000 -0.010435
0.600000 1.500000 -0.185753
0.600000 1.600000 0.388170
0.600000 1.700000 0.112053
0.600000 1.800000 0.815430
0.600000 1.900000 0.770777
0.600000 2.000000 0.379650
0.600000 2.100000 0.277395
0.600000 2.200000 0.777275
0.600000 2.300000 0.081338
0.600000 2.400000 0.701255
0.600000 2.500000 0.305679
0.600000 2.600000 0.421386
0.600000 2.700000 0.358777
0.600000 2.800000 0.775939
0.600000 2.900000 0.353808
0.600000 3.000000 0.266191
0.600000 3.100000 0.779751
0.600000 3.200000 0.456241
0.600000 3.300000 0.689461
0.600000 3.400000 0.436885
0.600000 3.500000 0.606048
0.600000 3.600000 -0.334952
0.600000 3.700000 0.597297
0.600000 3.800000 1.001722
0.600000 3.900000 0.700452
0.600000 4.000000 0.618654
0.600000 4.100000 0.210676
0.600000 4.200000 0.307272
0.600000 4.300000 0.291854
0.600000 4.400000 0.211734
0.600000 4.500000 -0.114510
0.600000 4.600000 0.012179
0.600000 4.700000 0.045953
0.600000 4.800000 -0.071724
0.600000 4.900000 0.333112
0.600000 5.000000 0.863619
0.600000 5.100000 -0.383601
0.600000 5.200000 0.071641
0.600000 5.300000 -0.438404
0.600000 5.400000 0.434128
0.600000 5.500000 0.463975
0.600000 5.600000 -0.522668
0.600000 5.700000 0.628717
0.600000 5.800000 -0.342305
0.600000 5.900000 0.075957
0.600000 6.000000 0.354002
0.700000 0.000000 0.050019
0.700000 0.100000 0.738813
0.700000 0.200000 0.886790
0.700000 0.300000 0.052647
0.700000 0.400000 -0.598630
0.700000 0.500000 -0.100863
0.700000 0.600000 -0.249833
0.700000 0.700000 -0.215901
0.700000 0.800000 -0.322814
0.700000 0.900000 0.074635
0.700000 1.000000 0.738025
0.700000 1.100000 -0.147774
0.700000 1.200000 0.012391
0.700000 1.300000 0.500065
0.700000 1.400000 0.543543
0.700000 1.500000 0.343594
0.700000 1.600000 0.553444
0.700000 1.700000 0.544579
0.700000 1.800000 0.188161
0.700000 1.900000 0.494909
0.700000 2.000000 0.311444
0.700000 2.100000 0.169875
0.700000 2.200000 0.711608
0.700000 2.300000 0.579405
0.700000 2.400000 0.544550
0.700000 2.500000 0.740248
0.700000 2.600000 0.999913
0.700000 2.700000 0.839787
0.700000 2.800000 0.798686
0.700000 2.900000 0.839726
0.700000 3.000000 0.771230
0.700000 3.100000 0.502365
0.700000 3.200000 0.988200
0.700000 3.300000 1.164898
0.700000 3.400000 0.512939
0.700000 3.500000 1.263778
0.700000 3.600000 0.548029
0.700000 3.700000 0.479820
0.700000 3.800000 0.221257
0.700000 3.900000 0.204286
0.700000 4.000000 0.102214
0.700000 4.100000 0.470913
0.700000 4.200000 0.821372
0.700000 4.300000 0.434737
0.700000 4.400000 0.498464
0.700000 4.500000 0.617612
0.700000 4.600000 -0.644411
0.700000 4.700000 0.073174
0.700000 4.800000 0.215121
0.700000 4.900000 0.310818
0.700000 5.000000 -0.353649
0.700000 5.100000 -0.272264
0.700000 5.200000 0.291067
0.700000 5.300000 -0.008483
0.700000 5.400000 0.198551
0.700000 5.500000 -0.291472
0.700000 5.600000 -0.511186
0.700000 5.700000 0.251970
0.700000 5.800000 0.387830
0.700000 5.900000 0.526459
0.700000 6.000000 -0.487383
0.800000 0.000000 -0.424381
0.800000 0.100000 -0.466720
0.800000 0.200000 -0.006351
0.800000 0.300000 -0.187159
0.800000 0.400000 0.434127
0.800000 0.500000 -0.446992
0.800000 0.600000 -0.532343
0.800000 0.700000 0.099392
0.800000 0.800000 0.426220
0.800000 0.900000 -0.198898
0.800000 1.000000 -0.330293
0.800000 1.100000 0.047260
0.800000 1.200000 -0.404230
0.800000 1.300000 0.153786
0.800000 1.400000 0.446811
0.800000 1.500000 0.289729
0.800000 1.600000 -0.347768
0.800000 1.700000 0.139140
0.800000 1.800000 0.266155
0.800000 1.900000 0.998497
0.800000 2.000000 0.768778
0.800000 2.100000 0.516996
0.800000 2.200000 1.013480
0.800000 2.300000 0.317842
0.800000 2.400000 0.595203
0.800000 2.500000 1.208317
0.800000 2.600000 1.280265
0.800000 2.700000 1.068527
0.800000 2.800000 1.018014
0.800000 2.900000 0.689506
0.800000 3.000000 1.120865
0.800000 3.100000 0.612057
0.800000 3.200000 1.044820
0.800000 3.300000 0.924996
0.800000 3.400000 1.164081
0.800000 3.500000 0.620019
0.800000 3.600000 0.910213
0.800000 3.700000 0.905975
0.800000 3.800000 0.307003
0.800000 3.900000 0.585260
0.800000 4.000000 0.987147
0.800000 4.100000 0.454131
0.800000 4.200000 0.264045
0.800000 4.300000 0.457054
0.800000 4.400000 0.175158
0.800000 4.500000 0.361859
0.800000 4.600000 0.138603
0.800000 4.700000 0.142371
0.800000 4.800000 0.266886
0.800000 4.900000 0.530987
0.800000 5.000000 0.219310
0.800000 5.100000 0.585488
0.800000 5.200000 -0.604593
0.800000 5.300000 -0.110068
0.800000 5.400000 0.100727
0.800000 5.500000 -0.248626
0.800000 5.600000 -0.394708
0.800000 5.700000 0.207255
0.800000 5.800000 0.203046
0.800000 5.900000 0.097513
0.800000 6.000000 0.129913
0.900000 0.000000 -0.274833
0.900000 0.100000 -0.153867
0.900000 0.200000 -0.026467
0.900000 0.300000 -0.209338
0.900000 0.400000 0.121136
0.900000 0.500000 0.777332
0.900000 0.600000 -0.126627
0.900000 0.700000 0.244189
0.900000 0.800000 -0.282161
0.900000 0.900000 0.492364
0.900000 1.000000 -0.228072
0.900000 1.100000 0.171177
0.900000 1.200000 -0.066778
0.900000 1.300000 0.326650
0.900000 1.400000 0.203222
0.900000 1.500000 0.227604
0.900000 1.600000 1.232768
0.900000 1.700000 0.139867
0.900000 1.800000 0.383462
0.900000 1.900000 1.317817
0.900000 2.000000 0.155871
0.900000 2.100000 0.764829
0.900000 2.200000 0.308446
0.900000 2.300000 1.046060
0.900000 2.400000 0.880911
0.900000 2.500000 1.039310
0.900000 2.600000 0.788846
0.900000 2.700000 0.995317
0.900000 2.800000 1.416799
0.900000 2.900000 0.235236
0.900000 3.000000 0.446580
0.900000 3.100000 1.096219
0.900000 3.200000 0.736069
0.900000 3.300000 0.822024
0.900000 3.400000 0.399068
0.900000 3.500000 0.541083
0.900000 3.600000 0.646763
0.900000 3.700000 0.484000
0.900000 3.800000 0.375638
0.900000 3.900000 0.452879
0.900000 4.000000 0.221158
0.900000 4.100000 0.888651
0.900000 4.200000 0.082165
0.900000 4.300000 0.923224
0.900000 4.400000 0.169239
0.900000 4.500000 -0.222877
0.900000 4.600000 0.001610
0.900000 4.700000 0.461846
0.900000 4.800000 0.469069
0.900000 4.900000 0.155660
0.900000 5.000000 0.174021
0.900000 5.100000 0.266236
0.900000 5.200000 -0.418039
0.900000 5.300000 -0.149141
0.900000 5.400000 -0.557961
0.900000 5.500000 -0.123253
0.900000 5.600000 0.318702
0.900000 5.700000 0.240348
0.900000 5.800000 0.739773
0.900000 5.900000 0.058746
0.900000 6.000000 -0.686330
1.000000 0.000000 0.544474
1.000000 0.100000 0.415894
1.000000 0.200000 -0.178531
1.000000 0.300000 0.082346
1.000000 0.400000 0.264833
1.000000 0.500000 0.144216
1.000000 0.600000 0.251403
1.000000 0.700000 0.002111
1.000000 0.800000 0.037982
1.000000 0.900000 0.093917
1.000000 1.000000 -0.168032
1.000000 1.100000 0.563049
1.000000 1.200000 0.137361
1.000000 1.300000 0.387647
1.000000 1.400000 -0.067655
1.000000 1.500000 -0.094723
1.000000 1.600000 0.269125
1.000000 1.700000 0.271435
1.000000 1.800000 0.793456
1.000000 1.900000 0.667767
1.000000 2.000000 0.712372
1.000000 2.100000 0.144150
1.000000 2.200000 0.363976
1.000000 2.300000 0.803648
1.000000 2.400000 0.689416
1.000000 2.500000 1.269825
1.000000 2.600000 1.335124
1.000000 2.700000 0.760104
1.000000 2.800000 1.255654
1.000000 2.900000 1.440390
1.000000 3.000000 1.102715
1.000000 3.100000 1.513329
1.000000 3.200000 1.315590
1.000000 3.300000 1.014473
1.000000 3.400000 1.186532
1.000000 3.500000 0.919207
1.000000 3.600000 0.667972
1.000000 3.700000 0.853698
1.000000 3.800000 0.685230
1.000000 3.900000 0.489849
1.000000 4.000000 1.106134
1.000000 4.100000 0.544634
1.000000 4.200000 1.284833
1.000000 4.300000 0.257549
1.000000 4.400000 0.478809
1.000000 4.500000 0.755791
1.000000 4.600000 1.079278
1.000000 4.700000 0.265114
1.000000 4.800000 -0.117547
1.000000 4.900000 0.364783
1.000000 5.000000 -0.337711
1.000000 5.100000 -0.021902
1.000000 5.200000 0.137403
1.000000 5.300000 0.514838
1.000000 5.400000 0.488451
1.000000 5.500000 0.012290
1.000000 5.600000 0.311066
1.000000 5.700000 -0.091701
1.000000 5.800000 0.219471
1.000000 5.900000 0.618459
1.000000 6.000000 0.054029
1.100000 0.000000 -0.092425
1.100000 0.100000 -0.154618
1.100000 0.200000 0.236938
1.100000 0.300000 0.438700
1.100000 0.400000 0.695152
1.100000 0.500000 0.037755
1.100000 0.600000 0.079858
1.100000 0.700000 -0.165460
1.100000 0.800000 0.564692
1.100000 0.900000 0.039563
1.100000 1.000000 -0.069383
1.100000 1.100000 0.803345
1.100000 1.200000 0.390333
1.100000 1.300000 0.392035
1.100000 1.400000 -0.122194
1.100000 1.500000 0.380556
1.100000 1.600000 0.455504
1.100000 1.700000 -0.008036
1.100000 1.800000 0.326209
1.100000 1.900000 0.329674
1.100000 2.000000 0.691727
1.100000 2.100000 0.265642
1.100000 2.200000 1.001401
1.100000 2.300000 1.287415
1.100000 2.400000 0.678900
1.100000 2.500000 0.827847
1.100000 2.600000 1.040205
1.100000 2.700000 1.301896
1.100000 2.800000 1.112640
1.100000 2.900000 1.090323
1.100000 3.000000 0.814734
1.100000 3.100000 0.889190
1.100000 3.200000 1.141878
1.100000 3.300000 1.455368
1.100000 3.400000 1.059968
1.100000 3.500000 0.444701
1.100000 3.600000 0.914681
1.100000 3.700000 0.686776
1.100000 3.800000 0.574815
1.100000 3.900000 0.517729
1.100000 4.000000 0.241286
1.100000 4.100000 0.356591
1.100000 4.200000 0.147451
1.100000 4.300000 0.224694
1.100000 4.400000 0.326585
1.100000 4.500000 0.297469
1.100000 4.600000 0.130579
1.100000 4.700000 0.113970
1.100000 4.800000 0.141952
1.100000 4.900000 0.251038
1.100000 5.000000 0.492175
1.100000 5.100000 0.262135
1.100000 5.200000 -0.042881
1.100000 5.300000 0.228371
1.100000 5.400000 -0.050884
1.100000 5.500000 -0.549376
1.100000 5.600000 -0.736182
1.100000 5.700000 -0.537583
1.100000 5.800000 -0.068213
1.100000 5.900000 -0.192887
1.100000 6.000000 -0.226704
1.200000 0.000000 0.016422
1.200000 0.100000 -0.205963
1.200000 0.200000 -0.194783
1.200000 0.300000 0.204884
1.200000 0.400000 0.263945
1.200000 0.500000 0.798336
1.200000 0.600000 0.121979
1.200000 0.700000 0.052356
1.200000 0.800000 -0.139240
1.200000 0.900000 -0.004463
1.200000 1.000000 0.058540
1.200000 1.100000 -0.466802
1.200000 1.200000 0.037079
1.200000 1.300000 0.388089
1.200000 1.400000 -0.000917
1.200000 1.500000 0.378207
1.200000 1.600000 0.580452
1.200000 1.700000 0.655608
1.200000 1.800000 0.611395
1.200000 1.900000 -0.304998
1.200000 2.000000 0.295425
1.200000 2.100000 0.823739
1.200000 2.200000 0.720780
1.200000 2.300000 0.653711
1.200000 2.400000 0.846462
1.200000 2.500000 1.117920
1.200000 2.600000 0.848709
1.200000 2.700000 0.592046
1.200000 2.800000 0.803321
1.200000 2.900000 0.810574
1.200000 3.000000 1.169455
1.200000 3.100000 1.009005
1.200000 3.200000 1.036180
1.200000 3.300000 0.882114
1.200000 3.400000 0.683577
1.200000 3.500000 0.775862
1.200000 3.600000 0.775994
1.200000 3.700000 0.204758
1.200000 3.800000 0.651722
1.200000 3.900000 0.832088
1.200000 4.000000 0.440769
1.200000 4.100000 0.921318
1.200000 4.200000 0.542162
1.200000 4.300000 0.176413
1.200000 4.400000 0.213928
1.200000 4.500000 0.131989
1.200000 4.600000 0.258886
1.200000 4.700000 0.389736
1.200000 4.800000 0.026022
1.200000 4.900000 0.241748
1.200000 5.000000 0.636403
1.200000 5.100000 0.356082
1.200000 5.200000 0.308567
1.200000 5.300000 -0.227044
1.200000 5.400000 -0.145736
1.200000 5.500000 0.096246
1.200000 5.600000 -0.018609
1.200000 5.700000 -0.510212
1.200000 5.800000 -0.477634
1.200000 5.900000 0.333291
1.200000 6.000000 -0.239189
1.300000 0.000000 0.667988
1.300000 0.100000 -0.706835
1.300000 0.200000 0.149576
1.300000 0.300000 0.008586
1.300000 0.400000 -0.230366
1.300000 0.500000 0.145318
1.300000 0.600000 -0.232471
1.300000 0.700000 0.303951
1.300000 0.800000 0.059446
1.300000 0.900000 -0.474989
1.300000 1.000000 -0.712017
1.300000 1.100000 -0.009528
1.300000 1.200000 0.468814
1.300000 1.300000 0.184767
1.300000 1.400000 0.172800
1.300000 1.500000 0.408302
1.300000 1.600000 -0.220771
1.300000 1.700000 0.722064
1.300000 1.800000 0.024291
1.300000 1.900000 0.369748
1.300000 2.000000 0.290824
1.300000 2.100000 0.505691
1.300000 2.200000 -0.113757
1.300000 2.300000 1.045466
1.300000 2.400000 0.779088
1.300000 2.500000 1.290072
1.300000 2.600000 1.137185
1.300000 2.700000 0.717721
1.300000 2.800000 0.435934
1.300000 2.900000 0.193744
1.300000 3.000000 0.760270
1.300000 3.100000 0.820325
1.300000 3.200000 1.071092
1.300000 3.300000 0.409733
1.300000 3.400000 0.938186
1.300000 3.500000 0.669753
1.300000 3.600000 0.356848
1.300000 3.700000 0.805552
1.300000 3.800000 0.593498
1.300000 3.900000 0.382600
1.300000 4.000000 1.007900
1.300000 4.100000 0.552620
1.300000 4.200000 0.275036
1.300000 4.300000 0.354733
1.300000 4.400000 0.252974
1.300000 4.500000 0.243771
1.300000 4.600000 0.300589
1.300000 4.700000 -0.066333
1.300000 4.800000 -0.152891
1.300000 4.900000 0.196705
1.300000 5.000000 0.667133
1.300000 5.100000 -0.048568
1.300000 5.200000 -0.286024
1.300000 5.300000 -0.047514
1.300000 5.400000 -0.133322
1.300000 5.500000 -0.088816
1.300000 5.600000 0.163797
1.300000 5.700000 -0.033216
1.300000 5.800000 -0.184222
1.300000 5.900000 -0.137805
1.300000 6.000000 -0.420291
1.400000 0.000000 -0.272702
1.400000 0.100000 -0.448785
1.400000 0.200000 -0.160317
1.400000 0.300000 -0.340493
1.400000 0.400000 -0.216945
1.400000 0.500000 -0.083726
1.400000 0.600000 -0.366815
1.400000 0.700000 0.016962
1.400000 0.800000 0.139491
1.400000 0.900000 -0.268368
1.400000 1.000000 0.407803
1.400000 1.100000 -0.442230
1.400000 1.200000 -0.043289
1.400000 1.300000 -0.373219
1.400000 1.400000 0.014619
1.400000 1.500000 -0.272413
1.400000 1.600000 -0.003059
1.400000 1.700000 -0.023332
1.400000 1.800000 -0.129848
1.400000 1.900000 -0.373365
1.400000 2.000000 0.507986
1.400000 2.100000 1.007925
1.400000 2.200000 1.120047
1.400000 2.300000 0.290724
1.400000 2.400000 0.470951
1.400000 2.500000 0.370756
1.400000 2.600000 0.573793
1.400000 2.700000 0.279747
1.400000 2.800000 -0.022491
1.400000 2.900000 0.591136
1.400000 3.000000 0.214490
1.400000 3.100000 -0.005981
1.400000 3.200000 1.351498
1.400000 3.300000 0.499083
1.400000 3.400000 0.678731
1.400000 3.500000 0.901385
1.400000 3.600000 -0.053451
1.400000 3.700000 0.580428
1.400000 3.800000 0.569141
1.400000 3.900000 0.394460
1.400000 4.000000 0.377663
1.400000 4.100000 0.118449
1.400000 4.200000 0.480732
1.400000 4.300000 -0.058287
1.400000 4.400000 -0.073955
1.400000 4.500000 0.383348
1.400000 4.600000 0.664594
1.400000 4.700000 -0.021765
1.400000 4.800000 -0.079540
1.400000 4.900000 0.195908
1.400000 5.000000 0.394502
1.400000 5.100000 0.349621
1.400000 5.200000 0.117019
1.400000 5.300000 -0.179852
1.400000 5.400000 0.218850
1.400000 5.500000 -0.012551
1.400000 5.600000 0.449969
1.400000 5.700000 -0.443890
1.400000 5.800000 0.049992
1.400000 5.900000 0.416085
1.400000 6.000000 -0.156035
1.500000 0.000000 -0.198174
1.500000 0.100000 -0.296215
1.500000 0.200000 -0.085570
1.500000 0.300000 -0.059082
1.500000 0.400000 0.050812
1.500000 0.500000 -0.273007
1.500000 0.600000 0.039490
1.500000 0.700000 -0.175760
1.500000 0.800000 -0.094916
1.500000 0.900000 -0.238122
1.500000 1.000000 -0.051633
1.500000 1.100000 1.191667
1.500000 1.200000 1.152371
1.500000 1.300000 0.443917
1.500000 1.400000 0.346201
1.500000 1.500000 -0.294842
1.500000 1.600000 -0.050528
1.500000 1.700000 -0.036905
1.500000 1.800000 0.359517
1.500000 1.900000 0.371490
1.500000 2.000000 0.281671
1.500000 2.100000 0.168799
1.500000 2.200000 0.012143
1.500000 2.300000 0.340038
1.500000 2.400000 0.731132
1.500000 2.500000 0.529117
1.500000 2.600000 0.472707
1.500000 2.700000 0.643485
1.500000 2.800000 0.633626
1.500000 2.900000 -0.062248
1.500000 3.000000 0.463841
1.500000 3.100000 0.318708
1.500000 3.200000 -0.204221
1.500000 3.300000 0.007955
1.500000 3.400000 0.312413
1.500000 3.500000 0.656500
1.500000 3.600000 0.293231
1.500000 3.700000 0.422255
1.500000 3.800000 0.021061
1.500000 3.900000 -0.412647
1.500000 4.000000 0.277012
1.500000 4.100000 -0.087444
1.500000 4.200000 0.563450
1.500000 4.300000 0.716535
1.500000 4.400000 0.017599
1.500000 4.500000 0.495878
1.500000 4.600000 0.399446
1.500000 4.700000 -0.375910
1.500000 4.800000 0.051287
1.500000 4.900000 0.132867
1.500000 5.000000 0.206118
1.500000 5.100000 0.246665
1.500000 5.200000 0.238884
1.500000 5.300000 0.234568
1.500000 5.400000 -0.086947
1.500000 5.500000 0.131023
1.500000 5.600000 -0.713873
1.500000 5.700000 -0.368786
1.500000 5.800000 0.388251
1.500000 5.900000 -0.208889
1.500000 6.000000 0.106589
1.600000 0.000000 0.483856
1.600000 0.100000 -0.282644
1.600000 0.200000 -0.304403
1.600000 0.300000 -0.154064
1.600000 0.400000 0.146140
1.600000 0.500000 -0.058671
1.600000 0.600000 -0.303624
1.600000 0.700000 -0.490948
1.600000 0.800000 -0.102119
1.600000 0.900000 -0.049428
1.600000 1.000000 -0.143784
1.600000 1.100000 -0.048866
1.600000 1.200000 -0.306596
1.600000 1.300000 0.230288
1.600000 1.400000 -0.629025
1.600000 1.500000 0.127229
1.600000 1.600000 0.310913
1.600000 1.700000 -0.157243
1.600000 1.800000 0.115200
1.600000 1.900000 0.247201
1.600000 2.000000 -0.021558
1.600000 2.100000 0.192546
1.600000 2.200000 0.350575
1.600000 2.300000 -0.059973
1.600000 2.400000 0.527212
1.600000 2.500000 0.628478
1.600000 2.600000 0.396898
1.600000 2.700000 0.311944
1.600000 2.800000 -0.055903
1.600000 2.900000 0.481004
1.600000 3.000000 -0.064419
1.600000 3.100000 0.831707
1.600000 3.200000 0.485207
1.600000 3.300000 0.391850
1.600000 3.400000 0.168169
1.600000 3.500000 -0.418193
1.600000 3.600000 -0.122648
1.600000 3.700000 0.356820
1.600000 3.800000 0.990680
1.600000 3.900000 0.433791
1.600000 4.000000 0.274239
1.600000 4.100000 -0.019607
1.600000 4.200000 0.172599
1.600000 4.300000 0.422312
1.600000 4.400000 0.015550
1.600000 4.500000 0.686315
1.600000 4.600000 -0.323628
1.600000 4.700000 -0.065863
1.600000 4.800000 0.060714
1.600000 4.900000 -0.590293
1.600000 5.000000 0.208419
1.600000 5.100000 0.046233
1.600000 5.200000 0.042189
1.600000 5.300000 0.266702
1.600000 5.400000 0.343254
1.600000 5.500000 0.263552
1.600000 5.600000 -0.145021
1.600000 5.700000 -0.011303
1.600000 5.800000 0.115673
1.600000 5.900000 -0.400370
1.600000 6.000000 -0.330275
1.700000 0.000000 -0.135792
1.700000 0.100000 0.026057
1.700000 0.200000 0.574809
1.700000 0.300000 0.257527
1.700000 0.400000 -0.138268
1.700000 0.500000 -0.196744
1.700000 0.600000 0.496993
1.700000 0.700000 0.882990
1.700000 0.800000 0.064481
1.700000 0.900000 -0.139022
1.700000 1.000000 -0.433741
1.700000 1.100000 0.335288
1.700000 1.200000 0.121978
1.700000 1.300000 0.409257
1.700000 1.400000 -0.246252
1.700000 1.500000 0.130910
1.700000 1.600000 -0.144797
1.700000 1.700000 0.484180
1.700000 1.800000 -0.087472
1.700000 1.900000 0.074501
1.700000 2.000000 0.005353
1.700000 2.100000 0.449239
1.700000 2.200000 0.282784
1.700000 2.300000 -0.161521
1.700000 2.400000 -0.029289
1.700000 2.500000 -0.149289
1.700000 2.600000 0.357753
1.700000 2.700000 0.310803
1.700000 2.800000 -0.312341
1.700000 2.900000 -0.395255
1.700000 3.000000 0.203338
1.700000 3.100000 0.438036
1.700000 3.200000 0.265007
1.700000 3.300000 -0.289437
1.700000 3.400000 -0.300650
1.700000 3.500000 0.462803
1.700000 3.600000 0.126652
1.700000 3.700000 0.036221
1.700000 3.800000 0.566870
1.700000 3.900000 -0.123697
1.700000 4.000000 0.159996
1.700000 4.100000 0.236170
1.700000 4.200000 0.351271
1.700000 4.300000 -0.197198
1.700000 4.400000 0.178840
1.700000 4.500000 0.933435
1.700000 4.600000 -0.439618
1.700000 4.700000 0.175200
1.700000 4.800000 -0.044257
1.700000 4.900000 -0.241376
1.700000 5.000000 -0.247926
1.700000 5.100000 0.173543
1.700000 5.200000 0.751901
1.700000 5.300000 -0.245767
1.700000 5.400000 0.179285
1.700000 5.500000 -0.174334
1.700000 5.600000 0.635833
1.700000 5.700000 0.176694
1.700000 5.800000 -0.042419
1.700000 5.900000 0.199564
1.700000 6.000000 -0.000950
1.800000 0.000000 0.354827
1.800000 0.100000 -0.058636
1.800000 0.200000 -0.357783
1.800000 0.300000 0.080367
1.800000 0.400000 0.501617
1.800000 0.500000 -0.380062
1.800000 0.600000 -0.073685
1.800000 0.700000 0.326712
1.800000 0.800000 -0.607619
1.800000 0.900000 0.209038
1.800000 1.000000 0.252405
1.800000 1.100000 0.082891
1.800000 1.200000 -0.228159
1.800000 1.300000 0.020450
1.800000 1.400000 0.057689
1.800000 1.500000 0.333027
1.800000 1.600000 0.252687
1.800000 1.700000 -0.064393
1.800000 1.800000 0.573999
1.800000 1.900000 0.047859
1.800000 2.000000 -0.187062
1.800000 2.100000 -0.058209
1.800000 2.200000 0.365922
1.800000 2.300000 0.162481
1.800000 2.400000 0.392804
1.800000 2.500000 0.138133
1.800000 2.600000 0.918391
1.800000 2.700000 -0.404984
1.800000 2.800000 -0.001062
1.800000 2.900000 0.107551
1.800000 3.000000 0.163896
1.800000 3.100000 0.600470
1.800000 3.200000 0.202260
1.800000 3.300000 0.091261
1.800000 3.400000 0.144560
1.800000 3.500000 0.356460
1.800000 3.600000 -0.112249
1.800000 3.700000 0.244272
1.800000 3.800000 -0.409641
1.800000 3.900000 0.056870
1.800000 4.000000 -0.228373
1.800000 4.100000 -0.144790
1.800000 4.200000 0.146047
1.800000 4.300000 -0.312344
1.800000 4.400000 -0.276110
1.800000 4.500000 -0.451329
1.800000 4.600000 -0.685255
1.800000 4.700000 -0.025754
1.800000 4.800000 0.390394
1.800000 4.900000 -0.043644
1.800000 5.000000 -0.063408
1.800000 5.100000 -0.326060
1.800000 5.200000 0.513484
1.800000 5.300000 -0.074645
1.800000 5.400000 0.417952
1.800000 5.500000 0.118691
1.800000 5.600000 -0.082091
1.800000 5.700000 0.347790
1.800000 5.800000 0.315450
1.800000 5.900000 -0.034909
1.800000 6.000000 0.415227
1.900000 0.000000 0.570322
1.900000 0.100000 -0.020554
1.900000 0.200000 -0.081188
1.900000 0.300000 0.130368
1.900000 0.400000 0.113788
1.900000 0.500000 0.260083
1.900000 0.600000 -0.079516
1.900000 0.700000 0.231874
1.900000 0.800000 0.339561
1.900000 0.900000 0.062045
1.900000 1.000000 0.055791
1.900000 1.100000 -0.392815
1.900000 1.200000 -0.364529
1.900000 1.300000 -0.454298
1.900000 1.400000 -0.381789
1.900000 1.500000 -0.029793
1.900000 1.600000 -0.493045
1.900000 1.700000 0.746771
1.900000 1.800000 0.269278
1.900000 1.900000 -0.623949
1.900000 2.000000 -0.326541
1.900000 2.100000 0.013954
1.900000 2.200000 -0.494527
1.900000 2.300000 -0.088372
1.900000 2.400000 0.412826
1.900000 2.500000 0.015741
1.900000 2.600000 0.050560
1.900000 2.700000 -0.245250
1.900000 2.800000 -0.100193
1.900000 2.900000 -0.353428
1.900000 3.000000 0.196107
1.900000 3.100000 -0.065637
1.900000 3.200000 0.328296
1.900000 3.300000 0.471176
1.900000 3.400000 0.416781
1.900000 3.500000 0.057033
1.900000 3.600000 -0.097570
1.900000 3.700000 -0.332892
1.900000 3.800000 0.091517
1.900000 3.900000 0.355287
1.900000 4.000000 -0.066183
1.900000 4.100000 -0.017764
1.900000 4.200000 0.229924
1.900000 4.300000 0.304485
1.900000 4.400000 -0.429685
1.900000 4.500000 0.083823
1.900000 4.600000 0.079048
1.900000 4.700000 -0.034999
1.900000 4.800000 0.296458
1.900000 4.900000 -0.107972
1.900000 5.000000 -0.257645
1.900000 5.100000 0.093553
1.900000 5.200000 0.151145
1.900000 5.300000 -0.066565
1.900000 5.400000 0.257032
1.900000 5.500000 -0.484088
1.900000 5.600000 -0.342748
1.900000 5.700000 -0.982209
1.900000 5.800000 0.167480
1.900000 5.900000 -0.316685
1.900000 6.000000 -0.080693
2.000000 0.000000 0.323135
2.000000 0.100000 0.016568
2.000000 0.200000 -0.140591
2.000000 0.300000 -0.271022
2.000000 0.400000 -0.076242
2.000000 0.500000 0.193865
2.000000 0.600000 -0.483946
2.000000 0.700000 -0.020194
2.000000 0.800000 0.252580
2.000000 0.900000 -0.451744
2.000000 1.000000 0.217916
2.000000 1.100000 0.223368
2.000000 1.200000 -0.276337
2.000000 1.300000 -0.474063
2.000000 1.400000 0.147652
2.000000 1.500000 0.269598
2.000000 1.600000 0.198364
2.000000 1.700000 0.259592
2.000000 1.800000 -0.360218
2.000000 1.900000 0.207650
2.000000 2.000000 -0.161903
2.000000 2.100000 -0.152988
2.000000 2.200000 -0.468289
2.000000 2.300000 0.384536
2.000000 2.400000 0.091201
2.000000 2.500000 0.358809
2.000000 2.600000 0.523328
2.000000 2.700000 -0.322354
2.000000 2.800000 0.248631
2.000000 2.900000 0.039583
2.000000 3.000000 0.336500
2.000000 3.100000 0.398129
2.000000 3.200000 0.305416
2.000000 3.300000 -0.220073
2.000000 3.400000 -0.000670
2.000000 3.500000 0.122180
2.000000 3.600000 1.045911
2.000000 3.700000 0.424987
2.000000 3.800000 0.772201
2.000000 3.900000 0.159288
2.000000 4.000000 0.091486
2.000000 4.100000 0.217032
2.000000 4.200000 -0.150826
2.000000 4.300000 0.412792
2.000000 4.400000 -0.037338
2.000000 4.500000 -0.428597
2.000000 4.600000 0.287716
2.000000 4.700000 -0.494550
2.000000 4.800000 -0.584215
2.000000 4.900000 0.097023
2.000000 5.000000 -0.300572
2.000000 5.100000 -0.288546
2.000000 5.200000 -0.049609
2.000000 5.300000 -0.154771
2.000000 5.400000 -0.070035
2.000000 5.500000 0.087989
2.000000 5.600000 -0.373253
2.000000 5.700000 -0.391267
2.000000 5.800000 -0.671486
2.000000 5.900000 -0.124633
2.000000 6.000000 0.212740
2.100000 0.000000 -0.224636
2.100000 0.100000 0.160552
2.100000 0.200000 0.173081
2.100000 0.300000 0.317294
2.100000 0.400000 0.316952
2.100000 0.500000 -0.219948
2.100000 0.600000 -0.273537
2.100000 0.700000 0.016355
2.100000 0.800000 -0.211604
2.100000 0.900000 0.466376
2.100000 1.000000 0.443480
2.100000 1.100000 0.032899
2.100000 1.200000 -0.133596
2.100000 1.300000 0.167287
2.100000 1.400000 -0.205314
2.100000 1.500000 -0.034322
2.100000 1.600000 -0.162951
2.100000 1.700000 0.041819
2.100000 1.800000 0.370443
2.100000 1.900000 0.248393
2.100000 2.000000 0.378248
2.100000 2.100000 -0.278883
2.100000 2.200000 0.072892
2.100000 2.300000 -0.297827
2.100000 2.400000 0.141397
2.100000 2.500000 0.123758
2.100000 2.600000 0.435470
2.100000 2.700000 0.373316
2.100000 2.800000 0.231270
2.100000 2.900000 -0.138970
2.100000 3.000000 -0.129524
2.100000 3.100000 -0.633846
2.100000 3.200000 -0.121219
2.100000 3.300000 -0.474821
2.100000 3.400000 0.318195
2.100000 3.500000 0.308155
2.100000 3.600000 0.062504
2.100000 3.700000 -0.104246
2.100000 3.800000 0.061136
2.100000 3.900000 0.527438
2.100000 4.000000 0.444012
2.100000 4.100000 -0.132701
2.100000 4.200000 0.063263
2.100000 4.300000 -0.350528
2.100000 4.400000 0.135032
2.100000 4.500000 0.242184
2.100000 4.600000 0.292708
2.100000 4.700000 -0.486161
2.100000 4.800000 0.164564
2.100000 4.900000 -0.274094
2.100000 5.000000 -0.118568
2.100000 5.100000 0.253662
2.100000 5.200000 0.096575
2.100000 5.300000 -0.051527
2.100000 5.400000 0.194806
2.100000 5.500000 0.523521
2.100000 5.600000 -0.199167
2.100000 5.700000 -0.431779
2.100000 5.800000 -0.371737
2.100000 5.900000 -0.302043
2.100000 6.000000 -0.214699
2.200000 0.000000 0.184581
2.200000 0.100000 -0.667385
2.200000 0.200000 0.075596
2.200000 0.300000 -0.248971
2.200000 0.400000 0.352031
2.200000 0.500000 -0.273546
2.200000 0.600000 0.002736
2.200000 0.700000 -0.299603
2.200000 0.800000 -0.217539
2.200000 0.900000 -0.082514
2.200000 1.000000 -0.072274
2.200000 1.100000 -0.166744
2.200000 1.200000 0.362565
2.200000 1.300000 0.177911
2.200000 1.400000 0.595935
2.200000 1.500000 -0.085966
2.200000 1.600000 0.344635
2.200000 1.700000 -0.667842
2.200000 1.800000 0.208882
2.200000 1.900000 0.124133
2.200000 2.000000 -0.113745
2.200000 2.100000 0.229249
2.200000 2.200000 0.288325
2.200000 2.300000 0.338963
2.200000 2.400000 0.143229
2.200000 2.500000 0.201863
2.200000 2.600000 -0.205622
2.200000 2.700000 -0.339948
2.200000 2.800000 -0.074799
2.200000 2.900000 0.070737
2.200000 3.000000 0.315411
2.200000 3.100000 -0.241925
2.200000 3.200000 -0.145795
2.200000 3.300000 0.962340
2.200000 3.400000 -0.189163
2.200000 3.500000 0.624017
2.200000 3.600000 0.316463
2.200000 3.700000 -0.170288
2.200000 3.800000 -0.026614
2.200000 3.900000 -0.062114
2.200000 4.000000 0.157509
2.200000 4.100000 0.442269
2.200000 4.200000 -0.519530
2.200000 4.300000 0.651507
2.200000 4.400000 0.252206
2.200000 4.500000 -0.172879
2.200000 4.600000 -0.038036
2.200000 4.700000 0.097732
2.200000 4.800000 0.096278
2.200000 4.900000 0.385447
2.200000 5.000000 0.349796
2.200000 5.100000 -0.114055
2.200000 5.200000 -0.041017
2.200000 5.300000 0.235220
2.200000 5.400000 0.038823
2.200000 5.500000 0.363861
2.200000 5.600000 -0.219596
2.200000 5.700000 0.151062
2.200000 5.800000 0.092357
2.200000 5.900000 0.445455
2.200000 6.000000 -0.430518
2.300000 0.000000 0.000259
2.300000 0.100000 0.017147
2.300000 0.200000 -0.749369
2.300000 0.300000 0.399447
2.300000 0.400000 0.899033
2.300000 0.500000 -0.074192
2.300000 0.600000 0.091996
2.300000 0.700000 -0.148479
2.300000 0.800000 0.123238
2.300000 0.900000 -0.121211
2.300000 1.000000 -0.032138
2.300000 1.100000 0.518356
2.300000 1.200000 -0.270425
2.300000 1.300000 -0.183428
2.300000 1.400000 -0.023245
2.300000 1.500000 -0.041123
2.300000 1.600000 0.462096
2.300000 1.700000 0.651796
2.300000 1.800000 -0.310934
2.300000 1.900000 -0.202718
2.300000 2.000000 0.169296
2.300000 2.100000 -0.118739
2.300000 2.200000 0.641139
2.300000 2.300000 0.527237
2.300000 2.400000 0.182959
2.300000 2.500000 0.184723
2.300000 2.600000 -0.103679
2.300000 2.700000 0.249178
2.300000 2.800000 0.365744
2.300000 2.900000 0.050358
2.300000 3.000000 0.622089
2.300000 3.100000 0.219659
2.300000 3.200000 -0.030274
2.300000 3.300000 0.123519
2.300000 3.400000 0.355518
2.300000 3.500000 -0.123053
2.300000 3.600000 -0.023275
2.300000 3.700000 0.763211
2.300000 3.800000 -0.148229
2.300000 3.900000 0.305914
2.300000 4.000000 0.264555
2.300000 4.100000 0.510881
2.300000 4.200000 0.170415
2.300000 4.300000 -0.787071
2.300000 4.400000 -0.271292
2.300000 4.500000 0.165024
2.300000 4.600000 0.083535
2.300000 4.700000 0.628837
2.300000 4.800000 0.450709
2.300000 4.900000 0.159535
2.300000 5.000000 0.026936
2.300000 5.100000 -0.495179
2.300000 5.200000 0.596467
2.300000 5.300000 0.043083
2.300000 5.400000 -0.494576
2.300000 5.500000 0.138758
2.300000 5.600000 0.033024
2.300000 5.700000 -0.182454
2.300000 5.800000 0.157820
2.300000 5.900000 -0.226376
2.300000 6.000000 -0.431348
2.400000 0.000000 -0.561368
2.400000 0.100000 -0.116407
2.400000 0.200000 -0.200653
2.400000 0.300000 0.140872
2.400000 0.400000 -0.480811
2.400000 0.500000 -0.066589
2.400000 0.600000 -0.481578
2.400000 0.700000 0.579201
2.400000 0.800000 -0.037321
2.400000 0.900000 0.392531
2.400000 1.000000 0.158567
2.400000 1.100000 0.290986
2.400000 1.200000 -0.369054
2.400000 1.300000 0.402785
2.400000 1.400000 0.465261
2.400000 1.500000 -0.664034
2.400000 1.600000 -0.055824
2.400000 1.700000 -0.207896
2.400000 1.800000 0.050990
2.400000 1.900000 -0.271036
2.400000 2.000000 0.090475
2.400000 2.100000 0.192397
2.400000 2.200000 0.079783
2.400000 2.300000 -0.036254
2.400000 2.400000 -0.410859
2.400000 2.500000 0.020295
2.400000 2.600000 -0.164717
2.400000 2.700000 -0.407219
2.400000 2.800000 -0.015859
2.400000 2.900000 -0.064924
2.400000 3.000000 0.063660
2.400000 3.100000 0.319720
2.400000 3.200000 0.186532
2.400000 3.300000 0.419920
2.400000 3.400000 -0.231396
2.400000 3.500000 -0.274789
2.400000 3.600000 -0.028623
2.400000 3.700000 0.444245
2.400000 3.800000 0.418652
2.400000 3.900000 -0.038933
2.400000 4.000000 -0.189820
2.400000 4.100000 -0.485570
2.400000 4.200000 0.215889
2.400000 4.300000 0.008081
2.400000 4.400000 -0.376240
2.400000 4.500000 -0.106520
2.400000 4.600000 -0.584975
2.400000 4.700000 0.137964
2.400000 4.800000 -0.055382
2.400000 4.900000 0.522233
2.400000 5.000000 -0.434832
2.400000 5.100000 0.310706
2.400000 5.200000 0.046075
2.400000 5.300000 0.026517
2.400000 5.400000 0.229395
2.400000 5.500000 0.381961
2.400000 5.600000 -0.342706
2.400000 5.700000 0.422073
2.400000 5.800000 -0.387184
2.400000 5.900000 -0.343705
2.400000 6.000000 -0.215211
2.500000 0.000000 0.235671
2.500000 0.100000 -0.342383
2.500000 0.200000 0.107116
2.500000 0.300000 0.131812
2.500000 0.400000 0.049332
2.500000 0.500000 0.177481
2.500000 0.600000 -0.375285
2.500000 0.700000 0.322461
2.500000 0.800000 0.036371
2.500000 0.900000 0.233674
2.500000 1.000000 -0.314649
2.500000 1.100000 0.016745
2.500000 1.200000 0.280951
2.500000 1.300000 0.324674
2.500000 1.400000 -0.026809
2.500000 1.500000 -0.592910
2.500000 1.600000 -0.350719
2.500000 1.700000 0.070272
2.500000 1.800000 0.254522
2.500000 1.900000 0.148619
2.500000 2.000000 -0.195565
2.500000 2.100000 0.718744
2.500000 2.200000 0.023747
2.500000 2.300000 0.277618
2.500000 2.400000 -0.132315
2.500000 2.500000 -0.356023
2.500000 2.600000 0.220081
2.500000 2.700000 0.332891
2.500000 2.800000 0.583970
2.500000 2.900000 -0.168398
2.500000 3.000000 -0.520066
2.500000 3.100000 0.518415
2.500000 3.200000 0.085386
2.500000 3.300000 -0.359851
2.500000 3.400000 -0.178136
2.500000 3.500000 -0.258073
2.500000 3.600000 0.372229
2.500000 3.700000 0.190127
2.500000 3.800000 0.078275
2.500000 3.900000 0.077489
2.500000 4.000000 -0.262403
2.500000 4.100000 0.318215
2.500000 4.200000 0.111210
2.500000 4.300000 -0.083251
2.500000 4.400000 -0.058845
2.500000 4.500000 -0.032335
2.500000 4.600000 -0.283672
2.500000 4.700000 0.237389
2.500000 4.800000 0.445626
2.500000 4.900000 0.791743
2.500000 5.000000 0.161329
2.500000 5.100000 -0.263136
2.500000 5.200000 0.064359
2.500000 5.300000 -0.322223
2.500000 5.400000 -0.196190
2.500000 5.500000 -0.210850
2.500000 5.600000 -0.266620
2.500000 5.700000 0.121027
2.500000 5.800000 -0.356903
2.500000 5.900000 0.213522
2.500000 6.000000 0.254510
2.600000 0.000000 0.331999
2.600000 0.100000 -0.006536
2.600000 0.200000 0.198068
2.600000 0.300000 0.576984
2.600000 0.400000 0.016963
2.600000 0.500000 -0.056918
2.600000 0.600000 0.567204
2.600000 0.700000 -0.802804
2.600000 0.800000 -0.146092
2.600000 0.900000 0.777743
2.600000 1.000000 -0.150837
2.600000 1.100000 -0.179269
2.600000 1.200000 -0.392424
2.600000 1.300000 0.253800
2.600000 1.400000 -0.675112
2.600000 1.500000 -0.255723
2.600000 1.600000 0.181532
2.600000 1.700000 -0.000344
2.600000 1.800000 0.199794
2.600000 1.900000 0.040620
2.600000 2.000000 0.218059
2.600000 2.100000 -0.411770
2.600000 2.200000 0.070013
2.600000 2.300000 -0.501054
2.600000 2.400000 0.250919
2.600000 2.500000 -0.099095
2.600000 2.600000 0.210008
2.600000 2.700000 -0.171672
2.600000 2.800000 0.105493
2.600000 2.900000 0.337636
2.600000 3.000000 -0.633168
2.600000 3.100000 -0.597231
2.600000 3.200000 -0.586027
2.600000 3.300000 0.271867
2.600000 3.400000 0.129964
2.600000 3.500000 -0.224498
2.600000 3.600000 0.479963
2.600000 3.700000 0.044342
2.600000 3.800000 -0.507557
2.600000 3.900000 -0.325923
2.600000 4.000000 -0.443094
2.600000 4.100000 0.305723
2.600000 4.200000 -0.192221
2.600000 4.300000 -0.374887
2.600000 4.400000 -0.184575
2.600000 4.500000 -0.267574
2.600000 4.600000 0.273019
2.600000 4.700000 0.152802
2.600000 4.800000 0.096788
2.600000 4.900000 0.133085
2.600000 5.000000 0.013780
2.600000 5.100000 -0.303611
2.600000 5.200000 0.173332
2.600000 5.300000 -0.262748
2.600000 5.400000 -0.343000
2.600000 5.500000 -0.343702
2.600000 5.600000 0.278262
2.600000 5.700000 0.313940
2.600000 5.800000 -0.562821
2.600000 5.900000 -0.047389
2.600000 6.000000 0.080623
2.700000 0.000000 -0.195323
2.700000 0.100000 0.243514
2.700000 0.200000 0.081418
2.700000 0.300000 -0.048905
2.700000 0.400000 -0.178370
2.700000 0.500000 0.216648
2.700000 0.600000 0.271779
2.700000 0.700000 0.150183
2.700000 0.800000 -0.076724
2.700000 0.900000 0.294723
2.700000 1.000000 -0.290192
2.700000 1.100000 0.046234
2.700000 1.200000 0.446867
2.700000 1.300000 -0.060684
2.700000 1.400000 -0.270003
2.700000 1.500000 0.621930
2.700000 1.600000 -0.078979
2.700000 1.700000 0.141360
2.700000 1.800000 -0.257107
2.700000 1.900000 0.092092
2.700000 2.000000 0.149510
2.700000 2.100000 0.001532
2.700000 2.200000 0.104429
2.700000 2.300000 0.385556
2.700000 2.400000 -0.449221
2.700000 2.500000 0.065883
2.700000 2.600000 -0.637074
2.700000 2.700000 0.009204
2.700000 2.800000 0.617882
2.700000 2.900000 0.301283
2.700000 3.000000 -0.002096
2.700000 3.100000 -0.108118
2.700000 3.200000 0.169162
2.700000 3.300000 0.338321
2.700000 3.400000 0.004825
2.700000 3.500000 0.516826
2.700000 3.600000 -0.260978
2.700000 3.700000 -0.639195
2.700000 3.800000 -0.239341
2.700000 3.900000 -0.063705
2.700000 4.000000 -0.119219
2.700000 4.100000 -0.271102
2.700000 4.200000 0.427965
2.700000 4.300000 -0.517179
2.700000 4.400000 -0.157346
2.700000 4.500000 -0.310147
2.700000 4.600000 -0.151690
2.700000 4.700000 -0.213152
2.700000 4.800000 0.153096
2.700000 4.900000 -0.333126
2.700000 5.000000 -0.262601
2.700000 5.100000 0.032369
2.700000 5.200000 0.346880
2.700000 5.300000 -0.593444
2.700000 5.400000 0.575924
2.700000 5.500000 -0.281077
2.700000 5.600000 0.207276
2.700000 5.700000 0.335862
2.700000 5.800000 0.423391
2.700000 5.900000 -0.165554
2.700000 6.000000 0.007781
2.800000 0.000000 -0.051957
2.800000 0.100000 -0.193811
2.800000 0.200000 0.086947
2.800000 0.300000 0.114766
2.800000 0.400000 -0.112740
2.800000 0.500000 0.042356
2.800000 0.600000 0.855547
2.800000 0.700000 -0.002420
2.800000 0.800000 0.227299
2.800000 0.900000 -0.148010
2.800000 1.000000 -0.168918
2.800000 1.100000 -0.110648
2.800000 1.200000 0.180664
2.800000 1.300000 -0.256486
2.800000 1.400000 -0.592935
2.800000 1.500000 0.017039
2.800000 1.600000 -0.139641
2.800000 1.700000 0.089617
2.800000 1.800000 0.027090
2.800000 1.900000 0.233337
2.800000 2.000000 0.288263
2.800000 2.100000 -0.424180
2.800000 2.200000 -0.487838
2.800000 2.300000 0.160808
2.800000 2.400000 0.098077
2.800000 2.500000 -0.300497
2.800000 2.600000 0.396005
2.800000 2.700000 0.010602
2.800000 2.800000 0.039581
2.800000 2.900000 0.087700
2.800000 3.000000 0.241373
2.800000 3.100000 0.487879
2.800000 3.200000 -0.083793
2.800000 3.300000 -0.553781
2.800000 3.400000 0.324345
2.800000 3.500000 -0.296841
2.800000 3.600000 0.398010
2.800000 3.700000 -0.188607
2.800000 3.800000 0.477301
2.800000 3.900000 -0.257889
2.800000 4.000000 -0.356010
2.800000 4.100000 0.306240
2.800000 4.200000 -0.436160
2.800000 4.300000 0.217801
2.800000 4.400000 0.140116
2.800000 4.500000 -0.045836
2.800000 4.600000 -0.109282
2.800000 4.700000 0.658506
2.800000 4.800000 -0.119846
2.800000 4.900000 -0.060861
2.800000 5.000000 -0.300391
2.800000 5.100000 -0.260305
2.800000 5.200000 -0.186756
2.800000 5.300000 0.547050
2.800000 5.400000 -0.124933
2.800000 5.500000 -0.220820
2.800000 5.600000 -0.143430
2.800000 5.700000 0.228601
2.800000 5.800000 -0.421034
2.800000 5.900000 0.200679
2.800000 6.000000 -0.426014
2.900000 0.000000 -0.041871
2.900000 0.100000 -0.584607
2.900000 0.200000 0.171495
2.900000 0.300000 0.221717
2.900000 0.400000 -0.220016
2.900000 0.500000 0.101625
2.900000 0.600000 0.052110
2.900000 0.700000 0.370918
2.900000 0.800000 0.041085
2.900000 0.900000 0.332627
2.900000 1.000000 -0.037366
2.900000 1.100000 -0.207454
2.900000 1.200000 -0.012152
2.900000 1.300000 -0.063782
2.900000 1.400000 0.282137
2.900000 1.500000 -0.017963
2.900000 1.600000 -0.269193
2.900000 1.700000 -0.049546
2.900000 1.800000 0.380355
2.900000 1.900000 -0.132764
2.900000 2.000000 -0.210751
2.900000 2.100000 0.314885
2.900000 2.200000 0.032401
2.900000 2.300000 -0.116057
2.900000 2.400000 -0.236415
2.900000 2.500000 -0.473539
2.900000 2.600000 0.049090
2.900000 2.700000 -0.101434
2.900000 2.800000 0.102066
2.900000 2.900000 -0.466082
2.900000 3.000000 0.423000
2.900000 3.100000 0.155918
2.900000 3.200000 -0.501308
2.900000 3.300000 0.338271
2.900000 3.400000 -0.188013
2.900000 3.500000 0.096722
2.900000 3.600000 0.070238
2.900000 3.700000 -0.281015
2.900000 3.800000 -0.915639
2.900000 3.900000 0.171385
2.900000 4.000000 -0.109445
2.900000 4.100000 -0.191309
2.900000 4.200000 0.134057
2.900000 4.300000 -0.220693
2.900000 4.400000 0.214785
2.900000 4.500000 0.048290
2.900000 4.600000 -0.317219
2.900000 4.700000 0.267788
2.900000 4.800000 0.151845
2.900000 4.900000 0.400694
2.900000 5.000000 -0.285638
2.900000 5.100000 -0.286487
2.900000 5.200000 0.100265
2.900000 5.300000 0.213451
2.900000 5.400000 0.264998
2.900000 5.500000 0.002083
2.900000 5.600000 -0.075485
2.900000 5.700000 0.208903
2.900000 5.800000 0.628651
2.900000 5.900000 0.283067
2.900000 6.000000 0.027052
3.000000 0.000000 -0.183844
3.000000 0.100000 0.159920
3.000000 0.200000 -0.154913
3.000000 0.300000 0.076303
3.000000 0.400000 0.249039
3.000000 0.500000 0.295767
3.000000 0.600000 0.188204
3.000000 0.700000 0.440939
3.000000 0.800000 0.592386
3.000000 0.900000 -0.607252
3.000000 1.000000 -0.569179
3.000000 1.100000 -0.295245
3.000000 1.200000 -0.639336
3.000000 1.300000 -0.114271
3.000000 1.400000 -0.107647
3.000000 1.500000 0.080137
3.000000 1.600000 0.091573
3.000000 1.700000 -0.219573
3.000000 1.800000 -0.260259
3.000000 1.900000 0.253891
3.000000 2.000000 -0.122220
3.000000 2.100000 -0.438783
3.000000 2.200000 0.003301
3.000000 2.300000 0.065325
3.000000 2.400000 -0.131525
3.000000 2.500000 0.212343
3.000000 2.600000 0.072254
3.000000 2.700000 -0.068106
3.000000 2.800000 -0.014087
3.000000 2.900000 0.146622
3.000000 3.000000 -0.141250
3.000000 3.100000 -0.337579
3.000000 3.200000 -0.049783
3.000000 3.300000 0.041331
3.000000 3.400000 0.163020
3.000000 3.500000 -0.009636
3.000000 3.600000 -0.146354
3.000000 3.700000 0.190830
3.000000 3.800000 -0.036327
3.000000 3.900000 0.258250
3.000000 4.000000 -0.028735
3.000000 4.100000 -0.002012
3.000000 4.200000 -0.029394
3.000000 4.300000 -0.294795
3.000000 4.400000 -0.296623
3.000000 4.500000 -0.307590
3.000000 4.600000 0.571146
3.000000 4.700000 -0.064060
3.000000 4.800000 0.300932
3.000000 4.900000 0.111730
3.000000 5.000000 0.594970
3.000000 5.100000 0.296663
3.000000 5.200000 -0.392628
3.000000 5.300000 -0.104716
3.000000 5.400000 0.285327
3.000000 5.500000 0.092219
3.000000 5.600000 0.724863
3.000000 5.700000 -0.015325
3.000000 5.800000 -0.496596
3.000000 5.900000 0.142107
3.000000 6.000000 -0.291782
